-0.38623303184072477
-0.4080880586973583
-0.4240376898350606
-0.44239542183985237
-0.4583022652873556
-0.4532049531063051
-0.47395626912590205
-0.47209005268475485
-0.4952981665662227
-0.5217057554776432
0.8596840723780275
2.9050807275844894
4.119408583313454
6.007228969617655
7.83644607778724
9.829459169657177
11.814888247187813
13.933717335362473
16.334077833972817
18.730857988677865
21.381837279523605
23.684801180672103
25.569969040655913
27.900120396122684
29.866548043680563
31.708668655166196
33.55983575065628
34.68509668754258
36.79860524071993
38.979852757453926
38.896101373261175
38.852723926988276
38.85863154196558
38.85080420332101
38.80500886565857
38.76403581815822
38.763478469812235
38.738683557692376
38.72358944254067
38.704454893883856
38.68451214520986
38.68476309479648
38.65189014325615
38.62387038966172
38.60876987957773
38.592862211911736
38.57856140571697
38.54464775422148
38.53458814786591
38.496986860937746
38.46275740874633
38.44177404301767
38.42935520425098
38.418436129384375
38.39288880382786
38.3742255463309
38.33311947402154
38.31272418377054
38.2897450041953
38.497335185640644
38.46581245482423
38.44895281480469
38.43722633816814
38.43150313748658
38.41799586769279
38.41051807549164
38.38582578855617
38.37145332143508
38.332981798648845
38.32292038386106
38.30338758687028
38.29332864006059
38.266055877754724
38.26032767284919
38.2349252164091
38.2153970032248
38.18640209920535
38.15925922202702
38.142380696653426
38.11182631998573
38.08728258611593
38.05743335734798
38.02431996141682
38.00404716242362
37.97058239374453
37.932974348013644
37.90737147398578
37.8683445275831
37.838643730196345
37.820930057918765
37.80311151486318
37.78098338900633
37.77436298119204
37.97787417109687
37.951594620660984
37.9304553286356
37.902312912031
37.88959217440993
37.8742758865393
37.84878113750285
37.82423557609094
37.793520954419655
37.78259686779432
37.7546022973716
37.72233701462056
37.694350595073864
37.67322541280559
37.652067068114555
37.616752437344054
37.599884304290526
37.58226721856432
37.569698392853496
37.54844667212655
37.53063569784166
37.50191530302282
37.48501319783336
37.465470902865185
37.44419729853406
37.42804138651332
37.415514642700906
37.39277027714345
37.37142562973592
37.33207861856651
37.30563965662746
37.28859768514416
37.276804334898955
37.25138631624121
37.22339811183115
37.18994299005917
37.1738500068934
37.147427354750754
37.13824063366607
37.11199085419416
37.08642591307183
37.08065937897633
37.0552388746866
37.03925851716342
37.01970610478454
37.00792431540163
36.98915514496448
36.97055907487871
36.95108277020565
36.935942399137815
36.924153110143806
36.912315858520635
36.89034314801676
36.85790500487992
36.85559620831761
36.84038912794974
36.83290592677723
36.80562751227665
37.01421023068539
37.00071067091165
36.9924184553496
36.96103615320368
36.94579304595032
36.928846361291335
36.906694483629636
36.878036998446674
36.85947835119627
36.8476920769961
36.8186866267219
36.80690172288256
36.79942072009314
36.79112250839483
36.75203544070705
36.742834264049115
36.71033267017541
36.49400035481418
36.448057102356266
36.411307829536575
36.395179538180834
36.36188249893773
36.33208965010318
36.30753254906824
36.28713432696032
36.25295811223622
36.219634737640874
36.18976132800564
35.971346878404866
35.9399009393008
35.916065682200106
35.8854487534698
35.847406599812864
35.827130351576216
35.793825566641274
35.78290087952871
35.75384202351099
35.723978463001856
35.70266585462878
35.68915527238193
35.66727308056739
35.637612685247255
35.598106490582936
35.58058182679972
35.56629116222151
35.565733626762444
35.55142000671564
35.54437377767711
35.521998830970034
35.49639392750866
35.462699961807914
35.44274328311893
35.43329782034606
35.40769314758652
35.38290303903683
35.345167720518056
35.33814410793874
35.330316046230685
35.2990608417715
35.2516386477456
35.23411315497553
35.24406394350622
35.22896387562499
35.19527165505725
35.18905678712687
35.18122578025777
35.16287048469066
35.138883649702315
35.11408901685979
35.09332334689514
35.10246607360042
35.077672446156306
35.06740619328189
35.039356008413215
35.02015743317498
35.017973405332086
34.98508934548796
34.958679436254165
34.93307337928367
34.90747522385068
34.90126263722211
34.87481792315275
34.8402822681784
34.815465516570896
34.79066412521685
34.764251241210786
34.74672337990683
34.71789253016467
34.713148856417845
34.70131618927456
34.68353449961614
34.66521519271475
34.649577576349735
34.634761994576664
34.613890563258714
34.603956121688604
34.58741731767439
34.57834838130095
34.566560387920816
34.5590785785304
34.56362413690293
34.34818824940968
34.32777657525233
34.3090813820235
34.287837210465966
34.25468381859877
34.236978807103576
34.22183167495804
34.21952960518484
34.2095457189502
34.41982730907342
34.39817239506558
34.39357587635976
34.36959574177069
34.347175086345416
34.31421971119091
34.28457844410237
34.25816419170106
34.23014620589849
34.204550299808304
34.17813313213017
34.151686157233875
34.12688376048143
34.10208968619357
34.08860865236242
34.05808226277813
34.02195921588493
34.002783233191245
33.99089646040941
33.985489085921834
33.98412385409118
33.96417283727926
33.946644107512874
33.92427425075126
33.9123981187544
33.88598434231666
33.87168176536344
33.85333840421141
33.83176893452654
33.80532148366669
33.78535775009915
33.77187310156934
33.74626329569419
33.71013837808874
33.6780163928025
33.638668110552665
33.62356739637509
33.606855211785756
33.58448414553215
33.552424499369785
33.517936704723006
33.48910156792359
33.46990717489303
33.446729345995074
33.24980019059802
33.23146459301012
33.20586303472521
33.19360728336657
33.15850378442359
33.14065387427354
33.13661687465117
33.342628053490465
33.320482347557586
33.29590164512171
33.26707376434605
33.25529055477101
33.227160394228164
33.21878068798373
33.20268324877472
33.172272033837025
33.15473583228717
33.12999571596395
33.086016858625065
33.05547404402087
33.01821811990885
33.00552812827454
32.98769904165779
32.9741811491697
32.955508930719546
32.929083374092606
32.91896800419757
32.9098104277276
32.88078879017867
32.85522725329145
32.84180913417395
32.82486671394975
32.784682747371335
32.74618836936151
32.73095408370478
32.7251885358432
32.705720820645354
32.67517852568446
32.67200056090611
32.63782745230291
32.6312411940371
32.602407243033426
32.58373691941038
32.565070464392676
32.54464952039357
32.53373139244912
32.50236424831946
32.49065117630342
32.46351868070722
32.43125284919305
32.41181466031624
32.40009027659441
32.38658055101645
32.37649960516066
32.36297902844337
32.35981827615784
32.15044578825247
32.11884886996439
32.07434337943567
32.06772201991265
32.04299208560975
32.0243517634159
31.992937609403207
31.957918385458374
31.933210172798816
31.925730182214565
31.89345063162216
31.872314619890624
31.848478102902437
31.83152543370052
31.80166130497257
31.769168559904333
31.745466750086734
31.722627079377663
31.680696636720484
31.67319986567244
31.644107960635484
31.623801272825446
31.60779883917963
31.586235987575925
31.556219576278732
31.506937916151458
31.49264267979689
31.466230866708845
31.435779657673304
31.406928801663973
31.386174867335182
31.38400149758537
31.367284493082366
31.33682711046162
31.332228914126198
31.32116778504759
31.31657089353519
31.521257503105495
31.483530002313728
31.47325885315889
31.274694243369222
31.259593223051272
31.229135771835136
31.237465375743763
31.20862211951774
31.181377158001194
31.161425197543092
31.156020002510726
31.151422448231077
31.358642824587946
31.338690414774522
31.30984585944024
31.29474633580857
31.268334760702306
31.244296754116334
31.23646733445977
31.215711997465338
31.190107440056707
31.171777623846346
31.15667677360638
31.127835660908985
31.103843260266416
31.087119515415385
31.069595759570163
31.05687608260237
31.031863836859948
31.0093810941791
30.98296922159561
30.950012957776796
30.907077787122674
30.87711976610069
30.843799323799065
30.839958509834688
30.827188432180264
30.81035936468432
30.79281504206987
30.78579462426311
30.58563572000913
30.57618561913951
30.556978420792664
30.345100250553557
30.333124742180356
30.31703044278023
30.312402411562815
30.297206385681665
30.28934255878436
30.254640091921555
30.24920776936846
30.23972043607073
30.223733034224928
30.191484781512795
30.186060312303894
30.170088785622884
30.149339807379356
30.134231507723587
30.12235692639389
30.109674885746195
30.10022980593545
30.06412440880566
30.0359042633763
30.035342297481236
30.004386089175732
29.988221301177095
29.974463059447213
29.956707305708022
29.936511345310084
29.914741404493366
29.881699162403155
29.865714340719578
29.842344358822793
29.813376712981093
29.78182315855538
29.755768847938732
29.74376195192339
29.712126011502672
29.701770701754203
29.690617310018048
29.668878603254583
29.647800325874172
29.440740492216523
29.41324426004907
29.39888862473366
29.38215463756607
29.358131328630105
29.32686943470979
29.311688307660248
29.307895823107444
29.296828764103775
29.276030926340432
29.256079594979784
29.219935726245875
29.20238121893572
29.181626255985456
29.16161781156338
29.150538195071352
29.124927235687075
29.116273366877163
29.09226751140058
29.063437960766674
29.034534425917492
29.02751190462187
29.00998656975406
28.977883076722403
28.92801574051837
28.91930068358212
28.902548922982852
28.883406441066118
28.873130372535197
28.841063864012728
28.83081112210079
28.796325269837435
28.803847704261333
28.785491706669806
28.756655660494612
28.741559334329086
28.723196151311182
28.69919002565721
28.663893649487118
28.6342169246601
28.632043065333207
28.615323726184517
28.59120985378748
28.583376377921088
28.573929021613306
28.54267973204607
28.523765377270372
28.47844884040703
28.43528390041746
28.407288913526624
28.387741374023104
28.356517262804616
28.329339261273407
28.302205554492616
28.276703888914984
28.25312993248002
28.242305134107156
28.228912629389598
28.212128244101564
28.191962889041626
28.17177205269575
28.136800446346534
28.113947660249625
28.08015602663275
28.072716271203912
28.042078946473964
28.026930623090923
27.99545523603456
27.969788708213652
27.959756590027865
27.932724738102852
27.89296530809113
27.874477440528306
27.85506588728375
27.854478492846034
27.855601203550837
27.83617148026257
27.826188764189965
28.021694576248887
27.98344274014919
27.965809537836634
27.952511695031923
27.943412952550517
27.94537815208656
27.923481045260708
27.900751058054357
27.894152735480848
27.886772937392482
27.864992392081362
27.84223024788706
27.811293218882053
27.76642211535507
27.734500640567045
27.710472360367106
27.688899101792423
27.664909294852794
27.63200079674031
27.601475847659238
27.5904150923154
27.575272640999962
27.558554582140843
27.50709175111685
27.49924873433952
27.482534064482206
27.458537070824008
27.441004077696636
27.42023312435807
27.40190058264115
27.384353891492815
27.36764008771374
27.371929691274673
27.361675886962264
27.34576843430979
27.336323056639618
27.299315121028272
27.2696759239772
27.237562173523077
27.442217433634617
27.427104201717242
27.421699664174156
27.219987266718896
27.206504106594416
27.167150684658818
27.143915105430235
27.136873067553726
27.11772860232201
27.098592975776622
27.0689488373458
27.05057974906369
27.04678768276259
27.03162992442838
27.014876168083607
27.014318696669957
26.979808991938153
26.933125302591403
26.909944601841563
26.896460165941086
26.864395463302852
26.842851126885602
26.818979282652155
26.773690651300306
26.766239729983212
26.744339397026387
26.754879502121735
26.719589498479863
26.706452195425985
26.6894838660728
26.658936504589697
26.63454482222332
26.62203893221062
26.586330855402334
26.572112635674372
26.563854315917915
26.550498362406525
26.548208311750695
26.523612675685015
26.506652230160842
26.291299487015678
26.256700156954413
26.23641791565728
26.22217250975034
26.205405289708207
26.19539546842794
26.187952755462128
26.171154501802143
26.153309562188074
26.118430525037173
26.096429340420794
26.066522910958945
26.04043740241583
26.014302852772584
25.953792273670672
25.950634039795133
25.933776406568434
25.918699782804687
25.903547306188198
25.872743435779608
25.839354645295916
25.799349381759885
25.798760403767805
25.76583839684043
25.734627173274536
25.71868484518911
25.932517545077644
25.921710160834195
25.921976776468853
25.900574656515637
25.88197349408201
25.873671896330276
25.821546458124207
25.81667415575217
25.793783869361153
25.774306284525927
25.758313681387726
25.745666333100274
25.73298187574358
25.705803009080526
25.68899024200804
25.664404213592302
25.642354683766843
25.60743521239012
25.578542275938375
25.56773964940137
25.544040913709253
25.538273527312832
25.51367924884986
25.495076467918082
25.465255713226238
25.436642252525306
25.415621140949604
25.41076473463583
25.6112076660513
25.594358884214447
25.574070822319005
25.77487281761097
25.757153233408022
25.754844828507377
25.733889906970603
25.696036288574454
25.669832310585576
25.652986144746535
25.63948087384683
-0.8555551686723724
-0.8895794197621236
-0.9063003404449871
-0.9238389785781161
-0.9470249530923276
-0.9661687715908953
-0.9990996344216907
-1.024865510081517
-1.0822719005409998
-1.11838136443655
-0.015318400768833174
2.2175342286816084
4.316051784344302
6.594932731581099
8.855975987037631
10.688364519417743
13.166008317779951
15.000179917084354
17.57984629734782
20.009871565240033
22.270402613104757
24.87708595477898
27.02248282157738
29.830108681871693
32.257581267666275
35.08968698568927
37.78361449996934
38.10581435789589
38.123032849926986
37.95764842983421
37.99748124535758
37.928977076261106
37.90738535899243
37.8623787869388
37.83032593090116
37.78600877588942
37.77977348820854
37.73632757956745
37.69351947009108
37.68245440433953
37.669764168226074
37.65787068479843
37.62176366096234
37.597775258945134
37.57375232825751
37.55684847678846
37.52386947797454
37.499891666911026
37.479141847068114
37.4503193116188
37.413312540181714
37.399828681418
37.37746033652138
37.35830612717694
37.33667860975702
37.312660758404334
37.27653988781776
37.24630425287567
37.236742858959516
37.20993659106829
37.193679239749905
37.17444931951188
37.14858879842831
37.10700926491322
37.069056579593486
37.04656834380317
37.016815361467025
36.987980809266325
36.97689331942842
36.95205992289171
36.92343583702131
36.913451886959656
36.8939962713591
36.87636050846741
36.8516364134177
36.82200008770892
36.79478866573509
36.77076595118938
36.741032534046035
36.72107989955495
36.70597969561133
36.66099106342738
36.623235350838144
36.60160501603862
36.5687325828858
36.528589817476636
36.502172054844046
36.469144771936286
36.43056418196846
36.38800779746689
36.35671013253336
36.31157909629909
36.29564412191624
36.27888057512182
36.25490573600959
36.217193275844785
36.17777356968582
36.14636042352852
36.119952061176306
36.10969700969813
36.074415184832716
36.045558677702466
36.0271837254517
36.007234101641274
35.963847470137914
35.93258888574047
35.89289066178198
35.86724769251948
35.85294382774193
35.82652529166855
35.79768918053795
35.76715181569107
35.737509680522315
35.7046308045533
35.69276579458296
35.66956822823023
35.64877431793069
35.60456874188578
35.56603996870174
35.54609178282834
35.53014376429203
35.49526401865575
35.4602416103305
35.43739489617241
35.42046118399571
35.38302831052826
35.35069532825749
35.3202445307943
35.283323741941985
35.26497100669921
35.23688369820138
35.217741474977906
35.18863950134236
35.16082921151899
35.13434164287482
35.10025277640076
35.06768141488085
35.04386441618434
35.00804578335233
34.99256559117152
34.95974068350466
34.92479021312628
34.88821608057461
34.865006836370675
34.847175644827274
34.81582488669696
34.79737085346049
34.762005457987335
34.72428339561436
34.69545033738816
34.67388674534007
34.653939053757526
34.62429077525178
34.59141982320614
34.55449404503556
34.51515533323509
34.46096682339227
34.445855224223564
34.40974868839936
34.37283696347523
34.34077175518941
34.32082276047643
34.27259483630423
34.263957582648494
34.24562867494032
34.226483347397746
34.20007159380515
34.158307926127044
34.136748657299385
34.10710845861728
34.08310384595669
34.059921317664745
34.043203522394656
34.02860719271291
34.00584738014311
33.996644685941824
33.95557671676158
33.91690738648861
33.88854108830447
33.86098439911852
33.843461945966936
33.81457789774162
33.784873527898164
33.75681721889339
33.71341397580303
33.686978186050474
33.656524507580855
33.63252621707119
33.62308200956304
33.59423745422876
33.57105586581561
33.541398439079785
33.50367340257153
33.48210713887036
33.46296698519295
33.43413866871189
33.42873196388932
33.40555126313948
33.379138141151635
33.35434635693794
33.32873897343195
33.29666935878859
33.26540119789942
33.243840908986044
33.21660060744252
33.19261663633451
33.18881792068484
33.16074431257396
33.15210731184212
33.13377439846522
33.09928194209822
33.07771101514805
33.048067878348256
33.016773170860695
32.98286113941035
32.965219154248736
32.94670677039462
32.92430657554221
32.9108220788905
32.8941022878749
32.862039463356275
32.83886288763005
32.80436289481537
32.79249550537301
32.78220902069837
32.73849150437437
32.713306355440004
32.71191899028446
32.6724954736688
32.641966614650435
32.61878032684329
32.60287276668406
32.57322989698588
32.547629376859184
32.50986465688883
32.48009204258448
32.442973510418256
32.44322531871216
32.42318020689581
32.39470234266677
32.377177678883555
32.35237327133429
32.33484513370138
32.30762721229148
32.303031066392236
32.26934119796027
32.248572255109124
32.21728501165188
32.19567920748516
32.16523314310396
32.14016146714453
32.11023647137273
32.083817221354
32.05414016264998
32.02854079603241
32.00940210828347
31.99340112475041
31.966123175530058
31.918686241011606
31.910851777546302
31.886045359200217
31.860437225913298
31.850183952801125
31.81152967363826
31.7736816778802
31.750164552735942
31.71389618121943
31.696097241212417
31.665317185871498
31.643475936205355
31.60773600350812
31.578045923600694
31.563750300898832
31.53596079700778
31.495747895550206
31.468516178167526
31.425933710163807
31.398737984941228
31.371250910667996
31.354530893718948
31.324072962335073
31.297663529064845
31.272065027579124
31.253732981408852
31.222478551518854
31.19445204243408
31.160774314057765
31.13190286718255
31.109499195040666
31.086321470573687
31.071224225987034
31.056119089781813
31.030505938730197
31.00571119417674
30.97930699650571
30.947238465392893
30.916794801850386
30.901697319154554
30.86720913603109
30.8319057625123
30.804695382900853
30.78636891163036
30.758347327108634
30.73678834973404
30.717652292033222
30.690436823240706
30.66564414533953
30.644078513119997
30.616054592587595
30.585542470844675
30.551044265022743
30.533517745887988
30.517617245339284
30.50010055562015
30.480969801131124
30.456106410208577
30.439105407354514
30.40694130884785
30.372326637715812
30.33805571587034
30.309221423491294
30.266653052086166
30.253970211880837
30.215419826671397
30.184119838030313
30.16332232755562
30.130446413800946
30.09515520612705
30.067129580938207
30.041535462787163
30.023207298398958
29.98872820562992
29.95666270840262
29.931068474900663
29.8990097677981
29.86049375352062
29.838908011039734
