-0.32359480797789475
-0.344460908802411
-0.3709295995362842
-0.386043171609631
-0.40033985676656236
-0.4356592128659022
-0.45561917184873385
-0.45860235944049044
-0.4932645801187471
-0.504328524665978
-0.7085389787732188
-0.7317341432134612
-0.750895121698161
-0.7823694995887406
-0.802094899042872
-0.8404935453866273
-0.8521564621961752
-0.8637704446661562
-0.8976131486892699
-0.9119998923512814
-0.9393480941539502
-0.9721193417520013
-0.9829321996674283
-0.9971550061138532
-1.024151329957802
-1.0535785615535185
-1.0858240888318944
-1.1130636877504014
-1.1195956146444073
-1.140566083875321
-1.1660384081884194
-1.178502644072962
-0.9598739981105308
-0.9664706132066156
-0.9823968859301266
-0.9967383091686334
-1.0160722680674252
-1.041625027165158
-1.0565200355034747
-1.0811064294276347
-1.1134334480307484
-1.1328876595824728
-1.1583793285966828
-1.177721546606253
-1.1825864342696792
-1.208873916181899
-1.23406990306068
-1.258441169170933
-1.2916639906031486
-1.3137163725154093
-1.3330573103628087
-1.3532753526163466
-1.4033394060790085
-1.424381277870586
-1.4455575069034374
-1.4657967620041537
-1.496086120587269
-1.5163838834798975
-1.529910513990708
-1.545941044519876
-1.5542169999712299
-1.568376685881433
-1.6032651280628818
-1.6201688816893194
-1.6292841225908006
-1.675889293401296
-1.67819417824272
-1.6953419005415824
-1.7216736758392277
-1.7316175638082374
-1.7701724375477275
-1.8051318522992026
-1.8203118883562452
-1.8329003380273134
-1.8652568526486404
-1.8879998580918058
-1.8962847019333877
-1.9164819193796347
-1.926482124055615
-1.9320920174176457
-1.9440411109778717
-1.9769877476000604
-1.9985745101666632
-2.018614364525744
-2.0281173567189517
-2.0399984348093283
-2.075323834073453
-2.0855884933471684
-0.530623525590387
-0.536232591002952
-0.5445498316160594
-0.5631076104040363
-0.5781507507353337
-0.579601313976841
-0.589545755113354
-0.6069546808177277
-0.6483170995821479
-0.669255260165411
-0.6894634720751347
-0.7123549728539154
-0.7253959863240482
-0.7591192399090483
-0.7823256828948741
-0.807186448610466
-0.8206828221291986
-0.8390299411766402
-0.8460555939819977
-0.845804954139331
-0.8495966619389659
-0.8695650688018509
-0.9121715106126917
-0.9450679377017132
-0.9715109264031623
-0.9898575499039571
-1.0227811553096045
-1.0354749894324151
-1.058678351704401
-1.064108640911015
-1.0881239525962423
-1.1145557561539512
-1.121609813966824
-1.1351084656569794
-1.1583048832689533
-1.1896236728165897
-1.2080030023960668
-1.2401075067228944
-1.2536015413189663
-1.046223027760746
-1.0556721712250747
-1.0538041259678266
-1.0753743728608576
-1.0937123655908891
-1.1217749881380388
-1.1296150597543209
-1.150386574159142
-1.1663064259245197
-1.1919776561606024
-1.194978909146695
-1.2189862235811832
-1.2365427836207035
-1.441710517206265
-1.434990663455643
-1.4695146641294468
-1.4789677435933182
-1.5045969860972341
-1.512435876121958
-1.5388856473041856
-1.559655057710546
-1.5744026423592605
-1.5852393580939026
-1.5969707680294534
-1.6230463984540402
-1.6244955191539445
-1.6396686331552404
-1.6796796750112344
-1.7068249168832792
-1.7265689406322158
-1.7555615146651522
-1.7767860943306493
-1.789284311214476
-1.789869438946702
-1.8066661875120555
-1.8174862512741379
-1.8376992490091395
-1.845083696914993
-1.876313532235968
