-0.3236668430939885
-0.3307318453752357
-0.35879680393306346
-0.3569275562817813
-0.3857865966731355
-0.3823017845263007
-0.39509901858468083
-0.4154619144847374
-0.44995454409650254
-0.47012286914213913
-0.6774987671757471
-0.6950385106246888
-0.7125753723574046
-0.751143897780935
-0.758982593813015
-0.7781397350143837
-0.7924476564385505
-0.8108055949211117
-0.8340072340819669
-0.8410327603616784
-0.8634179877506865
-0.8971179476039097
-0.904144786587198
-0.8998511724071645
-0.6933073077857036
-0.7092256544564514
-0.7235375681360257
-0.7338489730303521
-0.7521962159644554
-0.7503287634958745
-0.7807996594086856
-0.7983363237635778
-0.8110364686805781
-0.8424149704707485
-0.8672284824611574
-0.901748520672776
-0.915263484070319
-0.9376945713640167
-0.9608986124373572
-0.9922050792934328
-1.018633015647189
-1.0418321484645812
-1.062602306959283
-1.0696438387332068
-1.0871811346971347
-1.1184573933550415
-1.1298246112124606
-1.1329778687098548
-1.1522901474428535
-1.1888727637647667
-0.9710008004785489
-0.971585904350717
-0.9918015752493875
-1.0224643625011876
-1.0453702416310777
-1.0511454691959694
-1.0611839488080432
-1.0735856232934318
-1.0929111166036758
-1.1192157461443013
-1.1447287591723079
-1.1744532954783833
-1.1990607844600234
-1.2185003773856702
-1.2415839457329896
-1.2686756071061571
-1.2941243719508622
-1.3076977194720545
-1.3342608429639387
-1.3461440599055683
-1.3523612091377484
-1.3666660397835353
-1.4036155172158735
-1.4025563998986739
-1.6076308674484712
-1.6332611481106
-1.6588864110080332
-1.7006834753961046
-1.7200411038726333
-1.744872768889856
-1.7721046089034036
-1.7880214146439348
-1.8209520553086542
-1.8384910092463012
-1.8592636457836347
-1.859012909463343
-1.8781682398119037
-1.8843886500460492
-1.8792820931390943
-1.9138049283828436
-1.9289342156621327
-2.134974650827072
-2.1436325275078976
-2.167745103053463
-2.206293318380835
-2.227063336608973
-2.2357078472348557
-2.2710452533132233
-2.2748386597269348
-2.2907610558189493
-2.083372279669491
-2.0920242612780493
-2.097433900450931
-2.119829005357872
-1.920730592185303
-1.936660155394604
-1.950960382068429
-1.9701538696725847
-2.0160175093075687
-2.061029149120999
-2.2661151594970046
-2.2893422798164003
-2.3174040184676175
-2.3203878910668916
-2.2926488440819353
-2.3066102987027333
-2.3097731261580936
-2.3283895656352716
-2.3478535642332683
-2.3749049681379573
-2.396915690880693
-2.42523183418594
-2.4628673127043315
-2.5020127554158194
-2.544346495894073
-2.5687807860993224
-2.5915512367059232
-2.6285857383895443
-2.652079263607052
-2.6819212318012706
-2.7084796259057407
-2.7138900077979957
-2.718491393700808
-2.7360287686158657
-2.77376782604756
-2.78564462643543
-2.7967096174400248
-2.8191328430357756
-2.8302004003524757
-2.8291415381431557
-2.841030770603935
-2.8448239806954163
-2.858344381328755
-2.8784013111900713
-2.8919765701912716
-2.9111254763239187
-2.9189566948213623
-2.951033244060193
-2.9669528091408797
-2.9723610602808335
-3.007721287257796
-3.0309215688159417
-3.0581904433519753
-3.086254707420142
-3.096513269438995
-3.120528689195178
-3.140490715212491
-3.1645232642151893
-3.3681743058357494
-3.3946017662259425
-3.424259460063378
-3.450711551567977
-3.487659365894227
-3.504390491238074
-3.530008083299823
-3.5426922085084955
-3.5521388627190595
-3.5672477746555793
-3.5791239066524327
-3.583729393427605
-3.596412347855455
-3.6123421977494474
-3.6242317510379145
-3.6498455941950056
-3.6730414374366025
-3.695434576919057
-3.705692238207078
-3.7230920136065846
-3.7245268165428183
-3.7390029922150436
-3.7565405645079246
-3.790244849255973
-3.8134397526187715
-3.84798612954962
-3.863107559225938
-3.8725630853922275
-3.9054606973669874
-3.9238141759297283
-3.93407213746136
-3.9483714304625495
-3.9635326243720854
-3.9778670105861305
-4.012382620163542
-4.042063685391692
-4.063641947243956
-4.070666888342555
-4.110055756386906
-4.121942047927212
-4.137057252749228
-4.155405941027718
-4.172128895111663
-4.186428993003055
-4.191837865105108
-4.209377213798402
-4.228527801437228
-4.251725942160333
-4.264413922379031
-4.296555411215043
-4.325416270357958
-4.34135837602251
-4.362986962103657
-4.380521968484831
-4.413437649967102
-4.434219731119749
-4.443671640421594
-4.473378614505735
-4.479600088414341
-4.511705531800972
-4.305265751340003
-4.505651855323147
-4.522377746541988
-4.528594042035456
-4.545320422776779
-4.574245457867626
-4.582081120560184
-4.57765071044441
-4.5980794152412665
-4.615837445786887
-4.828108735412128
-4.853750406913171
-4.872277828991865
-4.873721613210573
-4.908598873032865
-4.9253329451575505
-4.948842848912447
-4.954576374610869
-4.966311197990676
-4.980557758171137
-5.018007011795769
-5.055764546339745
-5.06408213966675
-5.102313641937631
-5.128478912087793
-5.135030866852239
-5.150190780654205
-5.1559399156352
-5.1822553252809795
-5.20593022390176
-5.223621152211688
-5.231115724876633
-5.253314919125939
-5.281369758434875
-5.289632786921869
-5.304642025277811
-5.324767325998259
-5.338992927001629
-5.36926799539391
-5.39031215889763
-5.402917532229239
-5.185293233940617
-5.204783496510888
-5.226815352749275
-5.0130659014032055
-5.035072135615891
-4.816249592686424
-4.846848918499834
-4.861243650949635
-4.876396417326596
-4.914274273646694
-4.926164976567709
-4.941295658486487
-4.961286263502278
-4.987724016604529
-5.034364447939484
-5.054324002502526
-5.077532847400837
-5.097492312092815
-5.1093748606434275
-5.140654569654972
-5.154147298099428
-5.16197973345982
-5.194059099878062
-5.19380823604933
-5.211340873896619
-5.223235801048859
-5.254725840801499
-5.287049868416238
-5.310262472829744
-5.310011817753768
-5.349390583657124
-5.370976180411475
-5.3845002868703284
-5.405277785981882
-5.408262578640273
-5.4209553562047805
-5.434447720141809
-5.4577172916536085
-5.492260560770978
-5.521953779122298
-5.545151972060892
-5.567543700469356
-5.58427015652183
-5.6123142803898265
-5.621764274881083
-5.6295971334981525
-5.63986024536249
-5.672783332380627
-5.6822447944597405
-5.7153910102735015
-5.733800526902874
-5.752959263379335
-5.774532424802996
-5.7904781856973635
-5.799946498543249
-5.79403658195306
-5.825351216993256
-5.839319111245276
-5.862644214702923
-5.882665600558271
-5.901010117985817
-5.907225545744857
-5.926381824635365
-5.949574273870189
-5.959836323334058
-5.985452761886682
-5.998164671723168
-6.02298276386188
-6.042215314148035
-6.075203495826429
-6.100030077996144
-6.111907520039391
-6.121360067611432
-6.1332376433328815
-6.1370308278171155
-6.158609769726527
-6.173722117238372
-6.1929322043266
-6.217751636996524
-6.246602687872093
-6.264147799997839
-6.267130685380397
-6.2878965891226555
-6.3264486234424675
-6.344801771640777
-6.3656015263804955
-6.386388984418097
-6.397462322165948
-6.444122807579187
-6.462483182499428
-6.488913320184665
-6.517773464818038
-6.538538713982998
-6.5568775326241076
-6.601275609758975
-6.626117105338411
-6.644479545036346
-6.64503759788193
-6.8569496060327735
-6.873248956658459
-6.893563097506081
-6.921705144416287
-6.928735146540724
-6.924376415369167
-6.926603477037593
-6.959889509368492
-6.9872712172078755
-6.99517068584457
-7.000614490108639
-7.00769586164533
-7.011522480658906
-7.033128964882774
-7.06520905365471
-7.066575318948006
-7.099492259371375
-7.125131537404682
-7.138652636677257
-7.173152474101266
-7.181792159717504
-6.980325490663982
-6.999485951762165
-7.032417999478699
-7.062110216198988
-7.097502964944331
-7.115845335003075
-7.1204497447814665
-7.146072873687018
-7.182217637109394
-7.2209613154134695
-7.2207087793059035
-7.251333603276553
-7.281276895508513
-7.3178413491576695
-7.339800880191891
-7.372264249834396
-7.397218573457413
-7.427979079111842
-7.46038567175392
-7.6684763135436835
-7.666585469045712
-7.673675950428912
-7.694736787999859
-7.738558838513061
-7.779812803250232
-7.78928120119881
-7.806814668032959
-8.011780266543381
-8.03594266279963
-8.060184923492315
-8.080394184807785
-8.099961958441115
-8.121070860688013
-8.117544858892455
-8.136390250093154
-8.160161560236952
-8.16801270706963
-8.187988034004475
-8.201527875033955
-8.217507894748952
-8.233462005334959
-8.254482446135459
-8.257569654133487
-8.27465176709736
-8.278526903308988
-8.296350870824044
-8.310916260526383
-8.327039801765038
-8.343035159111027
-8.36626551679073
-8.384736646386507
-8.407261066145573
-8.442721720979417
-8.469306368336426
-8.501143203837273
-8.505018672943118
-8.53696993343703
-8.512732073732918
-8.54845878684794
-8.575740844202409
-8.599782038881582
-8.617459828380413
-8.626216150822534
-8.650458789763563
-8.6674242080987
-8.670446481413517
-8.697242099620007
-8.717274539616275
-8.734808203828248
-8.75890759471719
-8.788618842427061
-8.803730475611363
-8.822073423807861
-8.840410384149045
-8.854719818766794
-8.890039174866134
-8.911674852971815
-8.918718077026254
-8.933056745256179
-8.94978485815398
-8.978644613054875
-9.00994495377286
-9.035566583116548
-9.045826461588156
-9.056095462846395
-9.081734971581527
-9.093757133647689
-9.117858307707403
-9.140298718168538
-9.165928883479754
-9.195584039851912
-9.205032289737966
-9.225800250723164
-9.25144916055767
-9.270629368574568
-9.296254689147457
-9.332378142717232
-9.34021211238308
-9.336722130939252
-9.355968909354612
-9.348379020472521
-9.370178300897585
-9.406509484862555
-9.431560885287425
-9.485349695518728
-9.496669174987852
-9.520200554960558
-9.513410132113306
-9.526129780525471
-9.538812392285763
-9.542604706123585
-9.56662169290863
-9.583422179822703
-9.592117586518063
-9.63421117606054
-9.652633040060525
-9.656455527771522
-9.666855019522078
-9.682114892679317
-9.694858213708603
-9.723899908720995
-9.737507943015064
-9.748697587024166
-9.764926377380169
-9.783459987148985
-9.796148252923981
-9.829929247648662
-9.852596941813259
-9.892175269308892
-9.911782924819539
-9.932298511658006
-9.967959661283565
-9.989779391998553
-9.994403094517367
-10.002297501709625
-10.023385410727435
-10.039402448603216
-10.062597769689924
-10.091511502538928
-10.118188665313575
-10.125275904477098
-10.147124003290221
-10.175449206064677
-10.196498775554979
-10.211776302807205
-10.222104659917703
-10.215330419868005
-10.223228266020769
-10.229477927302588
-10.261275118944301
-10.27659485955275
-10.30090282738664
-10.338026348871132
-10.35882923623078
-10.371581980617906
-10.399034372249636
-10.420746411057833
-10.44983662776365
-10.47884857319694
-10.51272646074077
-10.558966173925477
-10.55952707616428
-10.53124383121957
-10.555692345331648
-10.568405882839032
-10.60145108714359
-10.62141329290303
-10.637324006593868
-10.66783112087323
-10.668389176230399
-10.678661064446432
-10.680029375134538
-10.702513226516379
-10.737845305067896
-10.94137432941044
-10.736591366356569
-10.76787072329121
-10.78152629542897
-10.809138429128488
-10.827017672971916
-10.836267119181976
-10.846214900599183
-10.897468626826775
-10.905728286896045
-10.926026351597475
-10.931760559136633
-10.946863196951744
-10.973174138160154
-11.00292354982318
-11.0426922421419
-11.068755408498168
-11.079295044727909
-11.104233505398263
-11.143739700062584
-11.172874541137054
-11.202877063150623
-11.238755571023198
-11.28297548013789
-11.302211134743144
-11.322218320970316
-11.332481317356342
-11.354866897513848
-11.391784193843375
-11.418234321998275
-11.424451849114803
-11.433901439368269
-11.462748008320348
-11.48675975366403
-11.503486322683232
-11.5210289478484
-11.53453364428673
-11.581284425549834
-11.586693005434428
-11.608274327543855
-11.615303475620182
-11.638626045853126
-11.669235984623887
-11.694090103538892
-11.709288544527448
-11.734125571669514
-11.785620279348535
-11.818546328581018
-11.808568319109561
-11.822895042768872
-11.85498358307904
-11.87737148142953
-11.891673414470585
-11.904358339236893
-11.94128993827878
-11.936995425333503
-11.957764788984342
-11.976923094305373
-12.009860029675579
-12.017710312359206
-12.031204164701565
-12.054403976320312
-12.07112775882692
-12.087923463482895
-12.124282959563134
-12.150498220356369
-12.156910875753594
-12.165644707424953
-12.166565139293674
-12.205400386621028
-12.242646063247713
-12.268446717207672
-12.290996687485064
-12.337158810127786
-12.363884164213228
-12.401180316109699
-12.430246369401923
-12.440593919007839
-12.457555722407719
-12.484163453997553
-12.507395378141918
-12.534645674101276
-12.572429173611509
-12.60536522031741
-12.637604949255941
-12.657733416484518
-12.67446774255229
-12.69685559050728
-12.696604601426895
-12.71818296043018
-12.766479324748504
-12.972476651340957
-12.986782995180326
-13.003510957455823
-13.019433496890183
-13.032926984725114
-13.04156805169492
-13.04212629667676
-13.05890275933361
-13.07725442089198
-13.091556547106686
-13.114774999654939
-0.23121797483385975
-0.24394630415749005
-0.25583724769927163
-0.4593055181648895
-0.4671387471315515
-0.4822548023434996
-0.49817089137230214
-0.5100490552778463
-0.511416058758743
-0.5354226707320178
-0.5594593804665196
-0.5761978863031811
-0.5799940839068582
-0.6088793662850186
-0.6320727031831526
-0.6455656746325604
-0.6744145819795043
-0.713828262299982
-0.7160031693218321
-0.7400082683017237
-0.7575460379724286
-0.7621461915423854
-0.7910002953223602
-0.8223058467784913
-0.851981236097467
-0.8775244997657894
-0.8955979133744277
-0.9123328419314087
-0.9387691671429701
-0.9579423904418947
-0.9787128294697246
-0.29269455414691953
-0.3167299670299501
-0.35608011020048885
-0.36795041382767774
-0.39517011338517866
-0.4159251230909624
-0.4214245339022338
-0.43388909061446446
-0.4534278754605592
-0.4712513137409705
-0.4830480525147824
-0.49997678354496267
-0.5288044803743144
-0.5639064982101207
-0.5764928625012172
-0.5881463611944941
-0.6110134284914905
-0.6297180563802938
-0.6475969613235415
-0.6611068011240194
-0.6917295758414814
-0.9090117363893349
-0.9508111170594019
-0.7418648843910858
-0.7505311952474463
-0.7656818367142714
-0.7895279792428926
-0.8357486452037142
-0.8527030345137793
-0.8875721482466196
-0.8976110746478306
-0.9350236717071242
-0.9536133467514096
-0.9619120346134855
-0.9847803162982445
-1.0046133798679322
-1.0261745917160092
-1.0404663831405057
-1.0636481804156122
-1.0941068663487907
-1.117288141469009
-1.1388509077334221
-1.1749684238251838
-1.194925551869487
-1.2213615796038213
-1.2340758024463216
-1.2411019139071457
-1.2440835837371478
-1.449058321268504
-1.4714423391655203
-1.478465334932313
-1.5028596514599926
-1.516454988745333
-1.5283785765043654
-1.5604403174924488
-1.761384240962167
-1.7692127435625966
-1.9701580248716226
-1.9747564904562391
-1.9995510115878274
-2.009808834545485
-2.012790564817327
-2.023862108638269
-2.0316890769332425
-2.0427482376753834
-2.069178196874284
-2.1004405837022624
-2.118791047689569
-2.1532878549954364
-2.1740850849370013
-2.1754554963839876
-2.201072800068455
-1.9972167392541436
-2.02684959264202
-2.0492341144940327
-2.0707973179380406
-2.079435155264294
-2.126061622241071
-2.1371234489579236
-2.1635686389908533
-2.175437151330118
-2.1816641675424937
-2.2228571539070767
-2.257336958619474
-2.280641305646823
-2.305462972535431
-2.3262180757522577
-2.354263083516186
-2.3790567668157676
-2.4014276818828724
-2.4146965370833415
-2.440340486828607
-2.4514044562914896
-2.4786350086809112
-2.5107307725280292
-2.5298785145410143
-2.5441777753465957
-2.582701687994804
-2.605089132785797
-2.6290776428739533
-2.6530892801466788
-2.6689984887428864
-2.6905747104237094
-2.704068076756164
-2.723217802084129
-2.7472457580712
-2.7429547532096157
-2.536660876437907
-2.550952764449228
-2.5660533425644148
-2.5803451983801273
-2.6003010232939965
-2.622684990795513
-2.6240505824926235
-2.6569391597136276
-2.6851076603663775
-2.7074879993919185
-2.7226002448569715
-2.7312374012342833
-2.7754214776745267
-2.790521919727324
-2.7983573002487634
-2.821545728890949
-2.8520022883670006
-2.8574072398848194
-2.8919047464487195
-2.9223571902012995
-2.929377608008056
-2.96628035215931
-2.990207107813303
-3.005442616903144
-3.0452984088977777
-3.063862187971595
-3.0920188239876545
-2.87399117562607
-2.892664183587518
-2.9246899335074965
-2.9624798029069677
-2.946884870055977
-2.9440295307326854
-2.9540349266729273
-2.737274165262702
-2.751643716324376
-2.771168667159917
-2.7915841786006017
-2.8015939360538504
-2.8268575213155667
-2.85740066069683
-2.8717722469249747
-2.8783609124540366
-2.890859156073504
-2.91342830976457
-2.9429180454297823
-2.9547128158671248
-2.974295704364776
-2.771632014394716
-2.800482581881166
